%YAML:1.0
description: "0"
samples:
   - !!opencv-matrix
      rows: 198
      cols: 1
      dt: d
      data: [ -1.9734868600254281e+01, -1.9238338889326467e+01,
          -1.8366351034828391e+01, -1.6986022513447022e+01,
          -1.4861544240252972e+01, -1.1773736327102833e+01,
          -7.8305799105237099e+00, -3.2815955347199273e+00,
          1.9038263409645779e+00, 6.7990273681714886e+00,
          1.0848738334924150e+01, 1.4226323353951939e+01,
          1.6621477999457436e+01, 1.7926013551123585e+01,
          1.8508349655997055e+01, 1.8654467066680592e+01,
          1.8483162922760894e+01, -1.5596199107679622e+01,
          -1.3556240334619892e+01, -1.0826470095538532e+01,
          -7.8398797569091050e+00, -4.9244630700103986e+00,
          2.2468653550394211e+00, 5.1465010679733645e+00,
          8.2236958322501952e+00, 1.1178558228312522e+01,
          1.3547371093343134e+01, -9.9764410209176524e-01,
          -7.6820918377025404e-01, -5.3175146489321112e-01,
          -2.8813718717570591e-01, -3.1873475957976880e+00,
          -1.6516686400251035e+00, -6.9306341727859988e-02,
          1.5486129546573117e+00, 3.0802826395374847e+00,
          -1.1697183444158348e+01, -9.9456825248182792e+00,
          -7.7615288550405293e+00, -5.9254455570129183e+00,
          -7.8078654150613076e+00, -9.8157578329188890e+00,
          4.4043648828648454e+00, 6.1144101196937202e+00,
          8.3140992783870296e+00, 1.0253291323410975e+01,
          8.4412693113261845e+00, 6.3984351038387377e+00,
          -6.7314855539892005e+00, -5.0438396108649322e+00,
          -2.6346303989580209e+00, 3.5470068799272053e-01,
          3.3570788264431468e+00, 6.0297163964207527e+00,
          8.1006250834709590e+00, 6.6548662140561330e+00,
          4.3295869735357231e+00, 1.0621837926934226e+00,
          -2.2962766771932976e+00, -4.9191151038586014e+00,
          -3.1077945091755241e+00, 4.9048172402258616e-01,
          4.1514149504472524e+00, 4.5437230649212630e+00,
          8.3368335680903038e-01, -2.9754038489895640e+00,
          -5.8056450111121674e+00, -6.7239355737993067e-01,
          4.4300727902906258e+00, 9.2848603384521287e+00,
          1.3682531340210414e+01, 1.7462816401901893e+01,
          2.0482813483098685e+01, 2.2705705309207019e+01,
          2.3050995205722103e+01, 2.1998937668871516e+01,
          1.9307730916734865e+01, 1.5946839435622206e+01,
          1.1904687545069955e+01, 7.2750107495023881e+00,
          2.2213539128858075e+00, -3.0220010091088465e+00,
          -8.2440761283577686e+00, -1.4638478267627947e+01,
          -1.6893453330433836e+01, -1.8212639352796113e+01,
          -1.8569931029533151e+01, -1.8129640819663383e+01,
          -1.8733469459573254e+01, -1.9636437306499097e+01,
          -1.9735672998582160e+01, -1.8780628110805310e+01,
          -1.6757753034391015e+01, -1.1716123588998823e+01,
          -8.8696395190357133e+00, -6.0514849642742456e+00,
          -3.2427882021080254e+00, 6.8029071080188463e-01,
          9.3926080434370474e-01, 9.3001415183168024e-01,
          6.8896865991893408e-01, 1.8945421360740616e-01,
          -9.6877667256201399e+00, -1.0893199904235750e+01,
          -1.1015004506650371e+01, -1.0100185844644432e+01,
          -9.4428506162804879e+00, -9.2179241356387216e+00,
          -1.0920618272338855e+01, -1.2133618360255564e+01,
          -1.2315786771687829e+01, -1.1396514020117829e+01,
          -1.0649990042161267e+01, -1.0553680321273227e+01,
          9.3252151190049180e+00, 6.9804490389101908e+00,
          5.1726854092733365e+00, 4.8443753273331982e+00,
          4.7057506031712917e+00, 6.1183656868120764e+00,
          8.1408581462818876e+00, 1.0947552414523900e+01,
          1.3173550996548816e+01, 1.4009318328801349e+01,
          1.3705161374200921e+01, 1.1872014616252279e+01,
          7.3831811278706638e+00, 6.6184885124100674e+00,
          6.8022467039416883e+00, 1.0483872719173728e+01,
          1.1502435586044754e+01, 1.1071677399102938e+01,
          2.1030678444989942e+01, 2.0494403946217869e+01,
          2.0155163003202919e+01, 1.8106619690983539e+01,
          1.3533346027547070e+01, 8.0562968837133173e+00,
          3.0994797722735257e+00, -8.2292034191986796e-01,
          -4.4527954019707083e+00, -8.7494410225408581e-01,
          3.1280431606535739e+00, 8.1465714577526960e+00,
          1.3690419863076341e+01, 1.8352841862092095e+01,
          2.0455222189107246e+01, 2.0866358497789967e+01,
          2.1444702709027286e+01, 1.5539020997350472e-01,
          -1.5385886695673183e+00, -2.9051628518057702e+00,
          -4.1780203166839298e+00, -5.4393731201807736e+00,
          -5.2411122070435159e+00, -3.9770257867853442e+00,
          -2.6929020764032727e+00, -1.3354099868212423e+00,
          3.7408549923561507e-01, -4.9779233372262262e+00,
          -7.6563239095508173e+00, -1.0478437653596146e+01,
          -1.3267349789584074e+01, -6.5123355075888307e+00,
          -7.1400950943720733e+00, -7.7743352463389579e+00,
          -7.1200292017004045e+00, -6.4739195982695312e+00,
          -8.7175044917592359e-01, -1.0790756501070058e+00,
          -1.3155476162323763e+00, -1.0320865476085439e+00,
          -1.1684356578456874e+00, -1.1300405942128620e+00,
          -9.1808039698599819e-01, -1.1833156085975300e+00,
          -9.0252033077976201e-01, -6.4822212588804451e-01,
          -9.4839988232347916e-01, -1.0274860048867460e+00,
          -2.6356695797424714e+00, -4.8289523475621614e+00,
          -6.4443281057537867e+00, -8.1988377073674510e+00,
          -6.4291047715451644e+00, -4.7953824246383929e+00,
          -2.5968770158953371e+00, -4.0677165687816625e+00,
          -5.3460419607418608e+00, -6.6871984617052131e+00,
          -5.3448871891890528e+00, -4.1155466046139164e+00,
          -4.8952415093431556e+00, -7.5383554156690140e+00,
          -4.9465311192705714e+00, -4.4231334976075312e+00,
          -6.3324695168133029e+00, -4.3792750310379569e+00 ]
   - !!opencv-matrix
      rows: 198
      cols: 1
      dt: d
      data: [ -2.2292538333002938e+01, -2.1761490653885865e+01,
          -2.0897544310707179e+01, -1.9513638302827317e+01,
          -1.7168532227437783e+01, -1.3477160068846096e+01,
          -8.8660104367986214e+00, -3.8090487235841204e+00,
          1.5713993711617955e+00, 6.8266227221619928e+00,
          1.1586824121752267e+01, 1.5795933556600717e+01,
          1.8934780161626556e+01, 2.0565832460126970e+01,
          2.1177968508535844e+01, 2.1284920790689132e+01,
          2.1083137889763368e+01, -1.7395232188095108e+01,
          -1.4830404247632748e+01, -1.1627296568019023e+01,
          -8.2426643462175928e+00, -4.9500089833330332e+00,
          2.3778538536330407e+00, 5.5773838510644627e+00,
          8.9775767590350011e+00, 1.2345397741618013e+01,
          1.5243249940813618e+01, -8.5149708047338646e-01,
          -5.8341125108798175e-01, -3.1292477737261726e-01,
          -3.8046365868881896e-02, -3.5260422453225497e+00,
          -1.7169569734930954e+00, 2.0788712310258081e-01,
          2.1198154255287771e+00, 3.8423611678607652e+00,
          -1.2665571946723711e+01, -1.0680637544075172e+01,
          -8.4611057821526536e+00, -6.4106124808531018e+00,
          -8.5000174039748746e+00, -1.0595344484482924e+01,
          4.8800395628526179e+00, 6.8108596387845806e+00,
          9.0374242051350535e+00, 1.1162910294856935e+01,
          9.1275096687079866e+00, 7.0135412227595815e+00,
          -7.9099495277482452e+00, -5.2402993432307063e+00,
          -2.3775139534556495e+00, 4.8913043352517727e-01,
          3.3253036445463096e+00, 6.2706948800533002e+00,
          9.1234056570786795e+00, 6.9201920118606512e+00,
          4.0490370995300600e+00, 8.3610298469417443e-01,
          -2.3972559158093012e+00, -5.4281431835175171e+00,
          -2.9173167431373503e+00, 6.0044408710441000e-01,
          4.1037566470067306e+00, 4.3293033097092248e+00,
          6.6221057498378633e-01, -3.0117341831455402e+00,
